msa,ms_cara_per,ms_carp_per,ms_pt_per,ms_taxi_per,ms_bike_per,ms_walk_per,ms_wfh_per
"Abilene, TX",80.29113320182056,10.575175028043168,0.5105790430510966,0.9154321226421177,0.2656042496679947,1.9430369138333397,5.4990394409417345
"Aguadilla-Isabela, PR",83.0419112871388,10.144798339340067,0.41389147128866705,0.8290564547966837,0.37186556805012544,2.8017268825694384,2.3967499968162196
"Akron, OH",84.67359846893525,7.173656817439202,1.3032138355972551,0.6141180040143771,0.09685851654763572,1.5929141576809973,4.545640199785277
"Albany, GA",81.19073239626069,11.438227184074249,0.9953594727284956,0.9062478983119241,0.13114533593382205,1.5855134844306946,3.7527742282601384
"Albany-Lebanon, OR",79.29696924704442,11.196896865314304,0.1707466453852007,1.5033128561088325,0.6458677455874984,2.225274215400605,4.960932425159148
"Albany-Schenectady-Troy, NY",79.33849233484312,8.015634979203764,3.6182970781455577,0.8598335849644219,0.280517886118314,3.332137239369997,4.555086897354827
"Albuquerque, NM",80.62187150628898,9.559397011133996,1.510128290879588,1.057862494778298,0.7830742000835472,1.6559737478177512,4.811692749017837
"Alexandria, LA",81.33183139060306,9.687530610245862,1.627648806608548,2.8357331766088745,0.1779475626081562,2.0292552323113595,2.310053221014138
"Allentown-Bethlehem-Easton, PA-NJ",81.68253765260248,8.381208621486822,1.7129351814506213,1.0801451998465368,0.1871563062575625,2.3560544204302873,4.599962617925688
"Altoona, PA",83.10422798076232,8.594142559758811,1.1485176943507285,0.6909051755078601,0.18125044863972437,2.8712942358768214,3.409661905103725
"Amarillo, TX",83.1780174889896,10.613869917661328,0.2991957617923023,1.0100848918108125,0.20345311801876556,1.523903746728793,3.171475074998404
"Ames, IA",74.8535551816539,7.602667165202219,4.954197046176855,0.6590016825574874,1.6778837165825389,5.673957749111984,4.5787374587150245
"Anchorage, AK",75.72327364425992,11.513793015614255,1.3479711658473217,3.1875493517410023,1.0234595888840776,2.662828905473904,4.541124328179526
"Ann Arbor, MI",71.84635718717126,7.934615488360802,5.1482210773339085,0.6031343565397999,1.5542308418525612,7.009953335311413,5.903487713430259
"Anniston-Oxford, AL",84.37519859342895,10.525981316330205,0.3918910331094965,0.8197936746668926,0.0,1.3472578219331879,2.539877560531277
"Appleton, WI",85.50369908332215,6.338578636116002,0.4934742959108746,0.6908640142752245,0.37819870038609427,2.131019399461521,4.464165870528136
"Arecibo, PR",90.10201433391228,4.755345271605678,0.327404124493422,0.3693278233614821,0.0938292307999441,1.928490147930766,2.4235890678964283
"Asheville, NC",79.2053564306728,8.752997039323972,0.4358903376859806,0.9815743664575582,0.21771056693896126,1.9730020128843369,8.4334692460364
"Athens-Clarke County, GA",76.27869139438374,10.321178857184048,2.806067283829844,1.163616892010174,0.8917630340538147,2.9358157160362883,5.602866822502086
"Atlanta-Sandy Springs-Alpharetta, GA",77.34126738285919,9.220514985196285,3.0045644935533224,1.5657392424991767,0.1900209761597002,1.3221665821390083,7.3557263375933175
"Atlantic City-Hammonton, NJ",77.61252634362505,7.81774618768681,5.495500548908993,1.843853421265616,0.3942528827738735,3.660461724615964,3.1756588911237014
"Auburn-Opelika, AL",83.05470198854792,8.969447565416322,0.7228622094675997,0.8352171970814776,0.2734422590120883,2.159110906555846,3.9852178739187525
"Augusta-Richmond County, GA-SC",84.07494597843777,8.75980409210918,0.8191176413741384,1.5574445385070335,0.14573258650214732,1.5508730425639656,3.0920821205057734
"Austin-Round Rock-Georgetown, TX",76.25914249967488,9.15303793324574,2.024242478598367,1.1914958497199515,0.7616245958465809,1.8136566859643852,8.796799956950094
"Bakersfield, CA",80.53597994298212,12.06295675057344,0.817928034187021,1.8299658011249473,0.34613766084436254,1.0123341176749507,3.3946976926131613
"Baltimore-Columbia-Towson, MD",76.5049999750518,8.116575083024035,6.197345939538401,1.209417302786286,0.29973476502719,2.5918325305953993,5.080094403976885
"Bangor, ME",79.76437587657784,9.91444600280505,0.4221598877980365,1.3309957924263676,0.22440392706872372,3.784011220196353,4.55960729312763
"Barnstable Town, MA",79.80096722606501,7.562474711469915,1.4701065490067629,1.0327354000886304,0.4884298953777384,2.3458122194177378,7.299473998574209
"Baton Rouge, LA",84.79710406503652,8.659842035289122,0.847020303574924,0.8594764845098493,0.2595461374399752,1.524992437318718,3.0520185368308934
"Battle Creek, MI",82.4257721234033,9.021607517437795,0.9925473677029861,0.7537902689428176,0.33255453041594896,3.0629124955233045,3.410815696573836
"Bay City, MI",86.46283468328593,6.968361164795553,0.5906494972964756,0.4951032550867517,0.5081322881153504,1.341990401945669,3.6329287094742786
"Beaumont-Port Arthur, TX",88.25453643965825,7.566073901186941,0.4770744272385916,0.8041939014288046,0.06288433514932007,0.9245206581087536,1.9107163372293405
"Beckley, WV",80.98206601381685,10.667348980019074,0.26284571189318695,1.7538554581191412,0.039543160196320155,2.5005233653555394,3.793817310599893
"Bellingham, WA",76.30606457034271,8.56258892506899,2.5075675830524338,1.0341567754934446,1.7894827306322394,3.6983279699779414,6.101811445432236
"Bend, OR",74.44559051057246,9.278651030338365,0.26459178868533756,1.0101576339215643,1.6536986792833597,2.111128551247842,11.236181805951073
"Billings, MT",81.57780037774226,8.870237709406677,0.6157869444227136,0.9979995306161221,0.43809161926262025,3.1381664971669334,4.361917321382671
"Binghamton, NY",81.38810729694241,8.535921965860064,2.678671918964547,0.5908835115362971,0.23822922528606263,3.626899268429938,2.941286812980679
"Birmingham-Hoover, AL",84.43195384408526,9.27416890424522,0.576134034690277,0.8976119366497032,0.09473208137587653,1.0997070435849066,3.6256921553687627
"Bismarck, ND",85.1941466241669,8.14691393798899,0.20139090118806144,0.8041147493480151,0.2057374674007534,1.5415821501014197,3.9061141698058535
"Blacksburg-Christiansburg, VA",80.08895379713223,7.310143388210302,2.8199681359532662,0.8696229421136484,0.8629845990440785,4.314922995220393,3.733404142326075
"Bloomington, IL",80.79427157565875,7.92903321437123,1.0638176573207303,0.7924472366965782,0.40591541908486595,4.3373658825809835,4.677149014286854
"Bloomington, IN",73.18216585654717,9.948431986972292,3.4234745490883074,0.7648844037602704,1.4471119445335439,7.0320017765057115,4.201929482592711
"Bloomsburg-Berwick, PA",83.58170407293576,7.252253415635734,0.3176734936336166,0.7231591724992897,0.19886877243730466,3.6700328004338956,4.256308272424391
"Boise City, ID",79.85179108071233,8.916315168377341,0.35640291661836354,1.0739647520785216,1.2442890817051457,1.7163223023806764,6.840914698127622
"Boston-Cambridge-Newton, MA-NH",66.39216229309868,7.171402516813733,13.380003343546276,1.3346257574858393,1.0532170772207916,5.403512119967371,5.2650768918673085
"Boulder, CO",65.02082645394138,7.218292520435416,4.8795889165030095,0.9251695951151973,4.180932353128602,4.961272644061709,12.813917516814682
"Bowling Green, KY",81.68150890534321,10.820242145287171,0.19386631979187513,1.0881528917350412,0.20637382429457676,2.8904842905743444,3.1193716229737842
"Bremerton-Silverdale-Port Orchard, WA",69.09304787672038,7.206211033996,9.26008704858252,2.079755322903188,0.5920872054268125,5.437791632356977,6.331019880014116
"Bridgeport-Stamford-Norwalk, CT",72.20102379161824,8.12730737676899,10.0518305189034,0.950297395228003,0.15083407397279003,2.47743898270322,6.04126786080536
"Brownsville-Harlingen, TX",84.69992660481397,8.230297783716306,0.7063502518646768,1.2050611312895598,0.16310041339681702,1.420228215116899,3.57503559980177
"Brunswick, GA",82.77111737972105,9.859348064566682,0.5171603196991067,1.3908478294938096,0.25858015984955335,1.3790941858642844,3.8238520608055167
"Buffalo-Cheektowaga, NY",82.507212605415,7.394769936381121,3.246597129752922,0.8568205355821867,0.4201805000739754,2.509431868619618,3.0649874241751736
"Burlington, NC",85.7651292116454,8.711808963035656,0.18187765783447823,0.5273143604841348,0.08635917566241413,1.4550212626758259,3.272489368662087
"Burlington-South Burlington, VT",74.7919573659701,8.588168048013719,2.2317300741388295,0.775011347780038,1.5718776793369533,6.543045912277458,5.498209572482894
"California-Lexington Park, MD",82.33868524689488,9.08637311331682,1.683981681130495,0.8713936953151452,0.3154124418625372,1.9530623518719818,3.75109146960814
"Canton-Massillon, OH",84.76901534909574,7.400914960023942,1.1656120398477916,0.7097353456753174,0.1271965453845825,1.6695882679892255,4.157937491983411
"Cape Coral-Fort Myers, FL",79.01298889727923,10.179087842405336,0.6693948077385997,2.0203852152780297,0.6456527258877724,1.1683082777427876,6.304182233668251
"Cape Girardeau, MO-IL",80.42975656194751,11.262976562854163,0.516795865633075,1.3214560950179066,0.15866539734348792,2.47744684709189,3.832902670111973
"Carbondale-Marion, IL",81.97681621095478,8.404565967613484,0.9149632775860543,0.8424033271391912,0.7556853375807451,3.2970533581099017,3.8085125210158397
"Carson City, NV",80.00158906721754,11.965676148101064,0.794533608771651,1.3030351183855078,0.5959002065787383,2.0181153662799938,3.3211504846655013
"Casper, WY",84.60347877358491,8.394752358490566,0.5699685534591195,0.7787932389937107,0.2825275157232704,1.4003537735849056,3.9701257861635217
"Cedar Rapids, IA",84.6688228700352,7.48459599745825,0.5404787913837542,0.7175444984685244,0.3312842261586023,2.0319717837228066,4.225301832772863
"Chambersburg-Waynesboro, PA",82.33113673805602,9.755628775398133,0.2539813289401428,1.0351455244371226,0.07413509060955518,2.2185612300933553,4.331411312465678
"Champaign-Urbana, IL",72.0679814363996,7.957001012062694,5.304667341375128,1.0093273886047212,2.176390674434932,7.490175697730608,3.9944564493923065
"Charleston, WV",82.88330706845524,8.148518276511512,1.6969673674904868,0.8801937194911019,0.07495099358112003,2.7549294691932196,3.5611331052773183
"Charleston-North Charleston, SC",81.05552820921001,8.184964862855168,0.790193018652535,1.202308264298357,0.6676581171517443,2.304860551092865,5.794486976739314
"Charlotte-Concord-Gastonia, NC-SC",80.40304694397155,8.948176820078391,1.5566083418775507,1.036991859181692,0.10060966092863438,1.3611518645603469,6.593414509401841
"Charlottesville, VA",72.13761295180723,9.673381024096384,3.1372364457831328,1.2932981927710843,0.9572665662650602,4.6187876506024095,8.1824171686747
"Chattanooga, TN-GA",82.44037114598774,9.05001686314188,0.7819791838239332,0.7513902287896971,0.18980838764833682,1.668274547636415,5.1181596429719916
"Cheyenne, WY",81.46926660345467,10.590757307169065,0.5276827307581317,1.0120789875087604,0.3504143133940718,1.7891742589767903,4.260625798738508
"Chicago-Naperville-Elgin, IL-IN-WI",69.99828736182343,7.6976334084050455,12.13441658948363,1.2654231213012963,0.6874559649430039,3.0163437982885193,5.200439755755075
"Chico, CA",75.92053691275169,10.779060402684564,1.1865771812080537,1.0706040268456376,2.381744966442953,3.0292617449664427,5.632214765100671
"Cincinnati, OH-KY-IN",82.31056164017942,7.967008184715478,1.7719755565206636,0.8079628232944015,0.16590765156045262,2.0205580411737407,4.956026102555852
"Clarksville, TN-KY",84.01785055690787,8.12347864571808,0.6675518182488751,1.3247768680386516,0.07302500553219739,3.1157335693737553,2.677583536180571
"Cleveland, TN",82.82003845177205,10.490804222439873,0.16686618057822758,1.2007109950302899,0.139659738092647,1.5199332535277688,3.661987158559147
"Cleveland-Elyria, OH",81.43360800145689,7.654933079058994,2.993384638365005,1.0255549803462578,0.28657018155924463,2.179508953144087,4.426440166069518
"Coeur d'Alene, ID",80.84407906633838,9.300449303787783,0.3199376817037377,1.03075574844552,0.4381755205942495,1.9474467581966644,6.119155920933662
"College Station-Bryan, TX",79.81649065663773,10.674770403451923,1.6999378788133175,1.039270663689327,1.333087087187925,1.8955356693138126,3.540907640905962
"Colorado Springs, CO",77.02119803292996,10.440968317640412,0.6940131921250062,0.9712268452470866,0.4467307810655522,3.4367779437516432,6.989084887240339
"Columbia, MO",78.87913649720552,10.68527090095454,0.8450650123878849,0.9209288032727063,0.797049954865846,3.3341655943303823,4.538383236983118
"Columbia, SC",80.67370520056261,8.642085210176795,0.7147053811465299,1.8617948007091096,0.11598065971630521,4.394547891619125,3.5971808560695275
"Columbus, GA-AL",80.30197529959321,9.237365778575878,0.8707443104775168,1.7935280536519222,0.23454392201414592,1.988492688826181,5.573349946861143
"Columbus, IN",84.37920272019082,9.51051790200208,0.32733639523966607,0.7079601106346266,0.16493694333781622,1.2230708721358066,3.6869750564591843
"Columbus, OH",82.2041046096129,7.619100864742211,1.6559365116698268,0.9542913711817501,0.3514491251847132,2.19824391109089,5.016873606517714
"Corpus Christi, TX",83.80691579637863,9.360585583240491,1.0375777011901166,0.9605272748097168,0.22802761320685955,1.5951520704699036,3.0112139607042825
"Corvallis, OR",66.5204036858271,7.831227916214406,2.468765155539133,1.0992817717835617,7.882035056927092,7.946698690561418,6.251587723147272
"Crestview-Fort Walton Beach-Destin, FL",80.81017590999441,9.343892646977947,0.4148301788955146,1.4605479215279578,0.6120316465144051,1.7158884672496286,5.6426332288401255
"Cumberland, MD-WV",83.81722624757629,8.786610878661087,0.7041534850494948,0.7296662924788244,0.02041024594346362,3.5513827941626697,2.3905500561281765
"Dallas-Fort Worth-Arlington, TX",80.64347618239857,9.668582531629395,1.361997140521976,1.1559351792901533,0.14834368370383913,1.249121558657852,5.772543723798215
"Dalton, GA",85.79040576648232,10.636612191636114,0.08388740446156714,0.8652830423165352,0.06524575902566333,0.7503262287951282,1.8082396072826694
"Danville, IL",84.35043175666968,7.765175924732569,0.7056321690939554,0.6218584869184174,0.11599432916612966,2.1007861837865702,4.340121149632684
"Daphne-Fairhope-Foley, AL",83.76010564627822,7.7753084033884114,0.04831384674847811,1.2314662715667644,0.08159671895298526,0.6001653407199837,6.503043772345155
"Davenport-Moline-Rock Island, IA-IL",85.58389708328711,6.7788621492735945,0.9127204169901297,0.8683597648885438,0.2462016191638017,1.9640678717977156,3.645891094599091
"Dayton-Kettering, OH",82.8403434192779,8.167111331274684,1.7690561892736667,0.7077840087658606,0.22264639606290096,2.5532991780659646,3.7397594772790295
"Decatur, AL",88.28024072848726,8.171849891294073,0.18117654472697484,0.6506601128020922,0.023631723225257587,0.6223020449317831,2.0701389545325646
"Decatur, IL",85.21978863531935,8.128569240531256,1.3565849068988907,0.6695402927597751,0.028444522241428353,1.6847909327615256,2.91228146948778
"Deltona-Daytona Beach-Ormond Beach, FL",80.95518890069896,7.639783512550187,0.9246913626615487,1.5778344494480772,0.6677909190951395,1.2413098917938337,6.993400963752248
"Denver-Aurora-Lakewood, CO",75.25840589761373,8.118658652487735,4.162877912203642,1.0367059669671985,0.8137473992448176,2.193367753204387,8.416236418278492
"Des Moines-West Des Moines, IA",83.59384849868738,7.849356019959599,1.1212565245530524,0.7385387802903164,0.22245819102826675,1.8407434698434668,4.633798515637914
"Detroit-Warren-Dearborn, MI",83.81505040547083,8.406374722308662,1.3256289435437612,0.8904220807784557,0.24678647213987348,1.4046066472984449,3.911130728459975
"Dothan, AL",87.6779359430605,7.5968762356662705,0.031303545538420983,1.22742849611177,0.11203374192698037,0.6639646764201925,2.690457361275867
"Dover, DE",82.39360846927292,9.243479228761888,1.0660796220488022,0.8014148434891227,0.2621912759563179,2.1408165032093693,4.092410057261586
"Dubuque, IA",83.12185539318861,7.757532022370557,1.0042696494076613,0.667508569366769,0.26259346122236255,3.2052438511034937,3.980997053340549
"Duluth, MN-WI",80.05119307101067,8.451158655500745,1.8161351382356317,0.8252552483652633,0.4724962716530916,4.078954915682001,4.304806699552598
"Durham-Chapel Hill, NC",76.48144065158746,8.673674517534758,3.43886179705333,1.247989728159369,0.6893286989001868,2.809517015978419,6.659187590786471
"East Stroudsburg, PA",78.18237493142121,10.065452875205736,4.3699044362504305,1.1266060196231038,0.0,1.579545019584827,4.676116717914694
"Eau Claire, WI",81.21801668894933,7.712876308146235,0.4137660780969066,0.7353280162279286,0.7191922917338989,2.9240237886681113,6.276796828177584
"El Centro, CA",80.78122103702205,8.971572047250728,0.93524088772054,1.9075543872065788,0.3134320812901269,2.529363193636992,4.561616365872976
"Elizabethtown-Fort Knox, KY",83.32045769258801,10.19604985059398,0.3046425187668537,1.1617229064936958,0.05101668974564536,1.9226003935573208,3.0435099482545005
"Elkhart-Goshen, IN",77.8795231564511,14.001476949045259,0.27956535499525265,1.257516615676759,1.1615149277349932,1.681611984386539,3.7387910117100955
"Elmira, NY",82.22912071453857,8.860931841080522,2.1893636140838164,0.6889415352776189,0.4792636767148653,3.3875228058709803,2.1648558124336246
"El Paso, TX",80.70963389279764,10.57318701895937,1.371903784989467,2.102190585028019,0.14374423439672857,1.6078976717289237,3.49144281209985
"Enid, OK",81.75516428670456,11.527797033134618,0.31540274504367116,2.0137252183557464,0.44017745736863995,1.0917787328434772,2.855954526549286
"Erie, PA",79.08637660713713,10.646381737150918,1.8452018339799285,0.8352303696816185,0.3414665426913335,3.5132578793805505,3.732085029978518
"Eugene-Springfield, OR",70.75023630183229,11.048358215965196,2.910181820316674,1.2058732013174194,3.2688909371642607,4.738365437114359,6.078094086289798
"Evansville, IN-KY",86.45941762083967,6.959457656070675,1.057597352336723,1.0729441908879815,0.10008807750820722,1.9597245576106974,2.3907705447460432
"Fairbanks, AK",74.28039215686275,15.007843137254904,0.896078431372549,1.7745098039215688,0.9137254901960785,3.4745098039215687,3.652941176470588
"Fargo, ND-MN",82.16071950862826,8.59827434922492,0.7692307692307693,0.7867797601637906,0.4862532904357999,2.777127815150629,4.421614507165838
"Farmington, NM",83.97016567830286,10.187279656008641,0.3321717511361089,0.5787532351083124,0.050946587597562716,1.7179189337898149,3.162764158056693
"Fayetteville, NC",81.28740044641694,9.22450255777799,0.4016883940280878,1.3757284673307915,0.10248482269257159,4.234012801917682,3.3741825098359373
"Fayetteville-Springdale-Rogers, AR",82.01725579782568,10.89236543129296,0.36510494217472006,0.5678503681644808,0.3598017418973219,1.5522059273461561,4.245415791298672
"Flagstaff, AZ",68.86349381186226,11.905089724172747,1.620083528385883,1.3799011733749444,1.944406198846513,8.992304985696146,5.294720577661511
"Flint, MI",83.77564542464327,9.296244586951891,1.4488038051066046,0.5590525095245983,0.13429092027733738,1.0826096216190633,3.703353131877233
"Florence, SC",85.26376744455384,8.342115930279693,0.26058254676009035,1.104869998262783,0.18067056575366264,1.0423301870403614,3.8056633273495857
"Florence-Muscle Shoals, AL",88.80690586419753,7.122878086419752,0.04018775720164609,0.6156764403292181,0.1478909465020576,1.0545267489711936,2.211934156378601
"Fond du Lac, WI",83.2794222740437,7.7857599578741485,0.21627110994094859,0.8425170195960431,0.49272200699590024,3.2252604656411026,4.15804716590815
"Fort Collins, CO",74.89190257040941,7.970550754316941,1.5759687032203853,1.1602735685785674,3.0690209739620142,2.7390247024190453,8.593258727093641
"Fort Smith, AR-OK",83.79715877064764,10.133463261777154,0.2789640117317742,1.2228559418379141,0.07738385256943052,1.75594470398288,2.7342294574532118
"Fort Wayne, IN",83.92093499768085,8.966171066245993,0.6804524116558696,0.6045067866845402,0.25688989923187877,1.3787443996472861,4.192300438853578
"Fresno, CA",78.51317575166355,12.173954797833652,1.1140062018403343,1.5484382937104646,0.49306399723014793,1.6080810939904826,4.549279863731365
"Gadsden, AL",86.85021178282634,8.144012321909896,0.08904505198305737,0.712360415864459,0.08904505198305737,0.9963419329996149,3.118983442433577
"Gainesville, FL",74.81698490383953,10.698972909629834,3.0254359964155237,1.664713586544427,1.9052871027779694,2.8186392775901288,5.0699662232025915
"Gainesville, GA",80.6236442516269,11.648590021691973,0.26681127982646424,1.712581344902386,0.09002169197396963,1.1095444685466378,4.54880694143167
"Gettysburg, PA",81.94731456774271,9.136689204100877,0.4072788556066047,0.5196316433601509,0.3089701663222519,3.6314026041771164,4.048712958690288
"Glens Falls, NY",81.95539045897964,8.637451265833375,0.7981527031775513,0.8784699563274936,0.47019058614862036,2.9365995682947643,4.323745461238559
"Goldsboro, NC",81.61258057346078,12.81025413054753,0.4778839742164926,0.4260205971697414,0.13336296954878862,1.7207527598725643,2.819144995184115
"Grand Forks, ND-MN",80.96819683081604,8.822874531487736,0.9017701413886519,0.801573459012135,0.6011800942591011,3.948491483281998,3.955913459754332
"Grand Island, NE",82.12090297941353,11.368332940961052,0.3609825001961861,1.0070888592429832,0.2798922284129849,1.5956472834758952,3.267153208297366
"Grand Junction, CO",78.90799867146096,8.179179482736213,0.3263585033718899,1.9191612875276178,0.7523574347644009,2.7494981876994613,7.165446432439458
"Grand Rapids-Kentwood, MI",81.86851002287226,9.080452617863735,1.4189091087365202,0.741792482892953,0.4772437148454662,2.2189664307789196,4.194125622010156
"Grants Pass, OR",78.82229766172784,8.861321742441067,0.31726894888797236,1.4530917859069132,1.3230115168628447,3.4614042323677783,5.761604111805577
"Great Falls, MT",80.45768722980145,10.60602138289886,0.7662636879028709,0.9681845245799788,0.4116078593802584,2.839835356856248,3.950399958580341
"Greeley, CO",80.39688353199706,9.64706665778784,0.5380568688819338,0.991542918026237,0.34893787041353136,1.8645535060265033,6.212958646866884
"Green Bay, WI",83.81136818807849,7.933433972250121,0.6645777074775516,0.9045473955169572,0.2111011541399282,1.80548622429648,4.669485358240463
"Greensboro-High Point, NC",82.6874349802625,9.016260278462612,0.9325789856208405,0.8923914437588177,0.1484943922703111,1.4008636046229923,4.921976315001924
"Greenville, NC",82.52998334591376,9.334675245318284,1.2556462144902532,0.7272683704156333,0.21566442615290607,1.2388723146783605,4.697890083030805
"Greenville-Anderson, SC",82.90188112520939,9.520187919979977,0.3975970887806381,0.9095153743959028,0.17665633363498084,1.4130099928759843,4.68115216512313
"Guayama, PR",83.54437869822485,10.485207100591715,0.6568047337278106,0.378698224852071,0.0,2.9763313609467454,1.9585798816568047
"Gulfport-Biloxi, MS",85.03585084700083,8.373432753693171,0.2582833143364084,1.338581350821734,0.166761183386768,2.557566297396392,2.2695242533647018
"Hagerstown-Martinsburg, MD-WV",81.88477423012972,9.923453554927246,1.0949436437333824,0.9692818119823153,0.1310254465209296,1.5255652866852094,4.470956026021193
"Hammond, LA",79.7455899922693,13.948626045400239,0.3109846088973224,0.8767306205636377,0.2828730058331576,1.5162695902733854,3.318926136762949
"Hanford-Corcoran, CA",77.0031162520467,14.40166200109157,0.22711667458934137,1.0810049472701984,0.7095195337946091,1.9296114368210708,4.64796915438652
"Harrisburg-Carlisle, PA",80.03278539228631,8.630334193833123,1.3443411922534003,1.0935469521144126,0.38564868490646004,3.3370345332459994,5.1763090513602785
"Harrisonburg, VA",76.07239449021951,10.981822756148185,0.9403107113654947,1.1525882130951632,0.9717592301402603,5.514497767155167,4.366626831876219
"Hartford-East Hartford-Middletown, CT",81.10913086702267,7.638814469447546,2.757082303597248,0.8371981066595005,0.18893836751315232,2.4250387851229993,5.043797100636884
"Hattiesburg, MS",83.30211100237662,7.230532643646023,0.23486648958478962,5.915000699007409,0.18453795610233467,1.5140500489305186,1.6189011603522998
"Hickory-Lenoir-Morganton, NC",84.892440376228,8.35747811590726,0.2171492547412971,2.213322998751238,0.04859714199592768,0.8704424800536413,3.4005696323226355
"Hilton Head Island-Bluffton, SC",77.58007117437722,10.520128669594863,0.45739689867803746,1.6521859938230046,0.27251450738995225,1.868060231049555,7.649642525087365
"Hinesville, GA",81.16964156145697,10.44841097083152,0.5398345668262952,2.144826585401248,0.3685967203598897,2.9284574082136117,2.400232186910463
"Homosassa Springs, FL",82.34917127071823,8.16353591160221,0.30276243093922656,2.413259668508287,0.287292817679558,0.6364640883977901,5.847513812154697
"Hot Springs, AR",81.6475314305552,10.36526396706921,0.528182111240608,1.8077218736826444,0.01239864110893446,1.9341880129937756,3.7047139633496173
"Houma-Thibodaux, LA",82.07204754775191,8.712172768930628,0.4446259244135929,3.8711945918969195,0.3561544394537453,1.2397350392450432,3.3040696883081533
"Houston-The Woodlands-Sugar Land, TX",80.76811856915958,9.789767626545128,2.0128592145372752,1.3734746021880888,0.2422201012163722,1.2701063955725236,4.543453490781023
"Huntington-Ashland, WV-KY-OH",84.65960557754715,8.486145287257944,0.5855711279911557,1.017082129738597,0.13408936913804786,2.2331585892086587,2.884347919118434
"Huntsville, AL",88.03326873684505,6.176227874157387,0.18451724169904218,0.9995456610631531,0.0871588980889948,0.8224461979248764,3.696835390221513
"Idaho Falls, ID",78.39783837815887,10.473869990316434,2.9488020491675258,0.9902227220191797,0.2905069815387499,1.8086402399025396,5.090119638896698
"Indianapolis-Carmel-Anderson, IN",83.1715197407248,8.310510047913896,0.8684518510368007,0.9253683568234787,0.2649768432845525,1.5275429874663653,4.931630172750098
"Iowa City, IA",70.10754300649114,9.337175175132288,5.054735534180253,1.1771888857944686,1.9023543777715888,7.892199918592943,4.528803102037319
"Ithaca, NY",60.237062381621556,9.484531883261035,6.69232805849168,0.8655628194945112,1.5009877599234231,13.961019123846766,7.258507973361031
"Jackson, MI",84.68548173051403,8.425491757350557,0.38337904391164584,0.7033530920994426,0.24477277418974314,2.2884779851956707,3.269043616738919
"Jackson, MS",85.45515275505673,9.937334178493211,0.2945407479664922,0.6999138392399634,0.06566436778118963,0.9375201642747882,2.6098739471876296
"Jackson, TN",84.5394866150399,8.239317583238334,0.33151198291337447,2.4489956366209364,0.1572388851763041,1.145223213700748,3.1382260833104025
"Jacksonville, FL",80.94493011393192,8.210564290148833,1.2134279689693555,1.6733224826753026,0.4840847693675856,1.5125202051557405,5.961150169751274
"Jacksonville, NC",71.61413196823733,13.572695392800998,0.34765609254705954,1.5075174331895682,0.2418477165544762,8.230883953404007,4.485267443266556
"Janesville-Beloit, WI",83.00167000242214,10.027663398901113,0.5723901431612763,1.0058258863123541,0.3250768073633084,1.9173157579388855,3.150058003900922
"Jefferson City, MO",84.1110064528827,9.784763324007816,0.32334706386807444,1.4677144986011725,0.14761496393977308,1.223095415500977,2.9424582811994773
"Johnson City, TN",85.88342955272107,6.040920542745133,0.4349643555183984,1.8212014054432684,0.04293154677843933,1.3399161705060274,4.436636426287664
"Johnstown, PA",82.23390323101486,9.280421951525806,1.1768716025905528,1.0907590463034391,0.14890296191313396,2.5869647117920382,3.4821764948601572
"Jonesboro, AR",83.46435069170299,10.772029796436785,0.44111084411795,0.39820122893137894,0.06865538429851362,1.7575778380419484,3.0980742164704265
"Joplin, MO",82.43238283973724,10.478672000195726,0.3021517609208901,1.08505510905599,0.21652170721861352,1.4422547616426291,4.042961821228914
"Kahului-Wailuku-Lahaina, HI",74.20601943852296,13.164962483891559,2.3894689935084488,1.4825787958714216,0.4094856138068914,2.4292131854367645,5.918271488961954
"Kalamazoo-Portage, MI",82.51084702443355,7.620847713133508,1.6995584668008354,0.7116566295023761,0.480559530459669,2.9759490668115487,4.000581568858518
"Kankakee, IL",81.87647317326515,8.423554792057848,1.5840357956134392,2.1153769326035716,0.27765570692341496,2.239223363029843,3.4836802365067316
"Kansas City, MO-KS",83.6584490465603,7.833447531684216,0.8845011862645019,0.8299656472715916,0.14785190571411258,1.2461137602021077,5.399670922303171
"Kennewick-Richland, WA",80.69650085953529,11.932092750592169,0.6543559030666001,0.9237033692199222,0.25904888656510683,1.226323169427478,4.307975061593428
"Killeen-Temple, TX",79.61359910524138,11.373444258887579,0.420822544648557,0.9728967810139577,0.2175611699275307,3.0923307134065685,4.3093454268744225
"Kingsport-Bristol, TN-VA",85.82862786011802,7.745912410503094,0.2174207370005495,1.2933746406186535,0.10990498793434372,1.2997459442670214,3.5050134195583094
"Kingston, NY",76.75750879777395,7.39597582219728,2.5662609752960845,1.165631978300773,0.2724094793822267,3.8873884933300595,7.954824453719617
"Knoxville, TN",84.16842952022381,7.902929773514685,0.5053089257666822,0.7196515532203579,0.15426559648091154,1.3776986933245763,5.171715937468975
"Kokomo, IN",83.52941176470588,9.546454095656955,0.44804837822979654,0.9840571742715777,0.2638812534359538,1.2754260582737769,3.9527212754260583
"La Crosse-Onalaska, WI-MN",80.86020305701216,7.540722972219123,0.7363605935512664,1.0710699542563873,1.196585964520808,4.383298002900815,4.21175945553944
"Lafayette, LA",84.77094018662433,8.211837891897348,0.4950040829808513,1.1294717815559367,0.44866913174724055,1.936892713943609,3.0071842112506766
"Lafayette-West Lafayette, IN",76.84217189986977,9.526479525394299,2.6090652582838953,0.8139198379395166,1.1376790623643467,6.041093908262191,3.029590507885979
"Lake Charles, LA",85.84199923776337,8.239777862470737,0.4224968693853106,1.2566015135841455,0.26133826972287255,1.5636739805085207,2.414112266565035
"Lake Havasu City-Kingman, AZ",79.066013503081,12.186460424182025,0.9881672585376808,2.057746024170796,0.15720842749463107,1.0541386522184635,4.490265710315399
"Lakeland-Winter Haven, FL",83.39220101088786,9.369030977559143,0.525007202842722,1.356979999217469,0.3564073287590836,0.9614461174010009,4.038927363332729
"Lancaster, PA",77.86176984593277,10.096511875937894,1.1889035667107,1.1009613765385207,0.7364690649312741,3.943552340572036,5.071831929376808
"Lansing-East Lansing, MI",79.6868773564663,8.987524139410844,2.259142322901021,0.7958342273855868,0.9437360144683198,3.307865616282991,4.01902032308494
"Laredo, TX",81.63127520254523,11.33420887129592,1.1782767933113831,1.4030187562428322,0.08971181236358255,1.5491472753505235,2.814361288890533
"Las Cruces, NM",80.4352757048563,10.866014925034591,0.44344137727674826,0.8607979676548642,0.762129425907864,2.2489622791299024,4.383378320139724
"Las Vegas-Henderson-Paradise, NV",78.77378501956225,9.831206888424493,3.370657417155068,2.1535164904231414,0.2626958188646041,1.4540090819100293,4.154129283660418
"Lawrence, KS",77.7358208955224,8.725373134328358,2.0582089552238805,0.9164179104477612,0.8761194029850747,5.31044776119403,4.377611940298507
"Lawton, OK",72.56907660513016,11.152984491412097,1.1878918393219986,1.1427380559559577,0.14067140202497352,2.172591653496813,11.634045952657996
"Lebanon, PA",81.8289892115196,9.321782031087466,0.8812078342794306,0.6553333135197789,0.15603174131423309,3.4787648230154247,3.677891045264065
"Lewiston, ID-WA",81.37544897527995,7.944221424043947,0.3063596027889288,1.2606521586027186,0.47890696527924503,2.961476160292978,5.672934713712233
"Lewiston-Auburn, ME",79.32294020183762,11.362780539237836,0.15062509414068384,0.8604458502786565,0.3144298840186775,3.567931917457448,4.420846513029071
"Lexington-Fayette, KY",79.93360092737896,9.291138641579067,1.3141811701062227,1.3189126954711416,0.4325402771096689,3.139367079623686,4.570259208731241
"Lima, OH",85.9292875989446,7.586279683377309,0.6860158311345647,1.4142480211081794,0.050659630606860157,1.5282321899736149,2.8052770448548814
"Lincoln, NE",81.32489399619001,8.908789238169193,1.1441149031021827,0.610045641693156,1.0664625732529622,3.293799545259018,3.6518941023334808
"Little Rock-North Little Rock-Conway, AR",83.86511342020094,9.499797541955424,0.5080386039425426,1.131143290773448,0.15264462641392912,1.3353491745829218,3.507913342130791
"Logan, UT-ID",74.30714795523227,11.5108350670453,2.0683057204901973,0.9658167681584182,1.4502437320617758,3.5580325279798335,6.13961822903221
"Longview, TX",84.51520261808952,9.181680052094638,0.08682439765574126,0.9650865739426626,0.040907648895493476,1.6095907565410497,3.600707952780885
"Longview, WA",81.96984279756175,9.874421375865072,0.2199917503093634,0.6485173472661442,0.5201888262523489,2.028048948164444,4.73898895458087
"Los Angeles-Long Beach-Anaheim, CA",75.05903392414851,9.512330362782881,4.863532395464061,1.5410639191873041,0.7470360655305585,2.496448550503385,5.780554782383304
"Louisville/Jefferson County, KY-IN",82.020023981601,8.486112294174305,1.8338389563416921,1.2837691738141885,0.219339916260967,1.5982819738299139,4.558633703977931
"Lubbock, TX",80.06760076247372,12.75047327084193,0.7958810698213689,0.842389346329449,0.3537249199206084,2.093527489011601,3.096403141601326
"Lynchburg, VA",81.54749458435442,9.176905512667174,0.9476334256153762,1.560709595938475,0.12880454328752686,2.2967355575814854,4.341716780555532
"Macon-Bibb County, GA",83.86453539131466,9.297562973581815,0.7803658234260646,1.1263567479008805,0.08299470774006489,1.811871476766871,3.0363128792696465
"Madera, CA",76.58439809253395,13.792726875614283,0.4805067161734193,3.561938043755233,0.23297295329620327,1.6999745185832333,3.6474828000436825
"Madison, WI",75.0470655643775,7.507025729175193,4.268914900002729,0.9194837794330305,2.2149463861831875,4.955117186434204,5.087446454394151
"Manchester-Nashua, NH",81.4154683284023,8.064595782507778,1.015987321483889,0.848077795087524,0.14546172874979235,2.091236828754731,6.419172215013985
"Manhattan, KS",76.30024902170047,10.024902170046248,0.29882604055496265,1.0117395944503735,1.2664532194948417,6.414799003913198,4.683030949839915
"Mankato, MN",79.34523809523809,7.144660894660896,1.4033189033189033,0.7269119769119768,0.5447330447330447,3.345959595959596,7.489177489177489
"Mansfield, OH",84.8676036651654,8.751358906662524,0.9415281876067713,0.6561577884764715,0.25236838018325825,1.3220220531138376,3.208961018791738
"Mayagüez, PR",85.30162783274817,8.605968720076604,1.1729971273539739,0.42690711777848706,0.2713054580274497,2.71704436642196,1.504149377593361
"McAllen-Edinburg-Mission, TX",79.97675076383686,8.635164158878068,0.3534008224261883,4.0543186699447675,0.13054383941864478,1.059580829948,5.790240915547461
"Medford, OR",76.37673534685463,9.705058140159121,1.0285922887788956,0.8546549706346565,1.2379612828414055,2.7915865875001344,8.005411383231154
"Memphis, TN-MS-AR",84.59055432770334,9.163655936778751,0.764657429230857,1.0822316644510956,0.09965991665103534,1.0106265852206464,3.288614139964279
"Merced, CA",79.08518757123743,9.409782447098468,1.166559294315873,3.989295802567025,0.4588929084692006,2.356905694038357,3.5333762822736507
"Miami-Fort Lauderdale-Pompano Beach, FL",77.86381192869707,9.13095123152151,3.315244972843407,1.7882084688986832,0.5796224018955841,1.5847272984661944,5.737433697677559
"Michigan City-La Porte, IN",82.7873938252851,9.21286291961745,1.101863540084298,0.8194441472859925,0.41293138492479514,2.041121975224117,3.6243822075782535
"Midland, MI",85.48541622312113,7.5659995741962955,0.8915265062806047,0.7132212050244837,0.1836278475622738,1.2587822014051522,3.901426442410049
"Midland, TX",84.82492956936699,9.72920140286322,0.15063531305697694,0.8405680446156499,0.1161386764790433,1.0831943885471167,3.2553326050710054
"Milwaukee-Waukesha, WI",80.93546303738871,7.762065570053362,3.219396119604139,0.729405380479298,0.4737440813836028,2.5991595150715328,4.280766296019353
"Minneapolis-St. Paul-Bloomington, MN-WI",77.48625125308,8.054012302304834,4.629239262028267,0.91096183454035,0.8413723034707323,2.251119834525776,5.827043210050039
"Missoula, MT",73.02370920067919,9.428652286019746,2.047041066599585,1.0879818879315766,4.163260172316206,5.100308156719703,5.149047229733979
"Mobile, AL",85.94782804032235,7.183331929351641,0.43074158312975597,1.0119900036503524,0.11231853536629882,1.0726420127481537,4.241147895431443
"Modesto, CA",81.76743344416548,10.067177851665875,0.8387052995860759,1.0938454230847527,0.27187803940195876,1.212820338829703,4.748139603266155
"Monroe, LA",85.20344181079975,9.298600677932429,0.9436422106060417,0.8343783756937633,0.33151640819975414,1.08022200424639,2.308198512521884
"Monroe, MI",86.33455674350456,7.5551622590051215,0.23646149159328622,0.8080309866101867,0.2103491796381994,1.1416883060362961,3.7137510336123483
"Montgomery, AL",85.34218023506777,8.8353908957488,0.4082236720397617,0.7091498834527583,0.06598177176473491,1.3443015181974027,3.294772023728772
"Morgantown, WV",76.99911431644209,9.593850825583603,2.193648383627507,0.6168153349781743,0.30840766748908716,5.579806414879484,4.708357057000064
"Morristown, TN",82.14061145760752,11.469503594310284,0.2515167479564264,0.9788759920466326,0.10026681168533215,0.9635810546709039,4.09564434172289
"Mount Vernon-Anacortes, WA",79.07043209545755,9.91372380901345,0.8770519622028116,0.9127770930461033,0.5251594233963882,2.422163871175178,6.278691745708518
"Muncie, IN",78.98044827786266,8.284824692026534,1.8391382544624728,1.4658956854706144,0.783229225086542,5.277611247558452,3.368852617532731
"Muskegon, MI",84.46802239905689,10.568550223722637,0.45414355759183345,0.4193124882780055,0.3362537845296466,1.0650269270958925,2.688690619725102
"Myrtle Beach-Conway-North Myrtle Beach, SC-NC",81.5701516531259,9.193811779189792,0.30727436446605993,1.3384749220367609,0.16025070332253125,1.467184217086286,5.962852360772663
"Napa, CA",75.75175481671914,10.32236633062769,1.7345966087986366,1.1843207487218002,1.1424362344377366,3.9703630954100353,5.89416216528496
"Naples-Marco Island, FL",75.11640877313583,12.35683990713239,1.5661681733874628,1.4209004007834083,0.9124631966692175,1.3437268965875044,7.283492652304179
"Nashville-Davidson--Murfreesboro--Franklin, TN",80.77081416060174,9.367583865827184,1.0028359140742007,1.1133125373249442,0.1221496249527087,1.3209252104527562,6.302378686766463
"New Bern, NC",80.79811434522831,10.893676113212374,0.2740777284437867,1.5165634307222862,0.38919037439017706,2.1670412395622067,3.961336768440863
"New Haven-Milford, CT",78.31617803648754,8.376990605996072,3.8072927758453416,0.9436596389105795,0.5494427486334919,3.348477319514446,4.657958874612527
"New Orleans-Metairie, LA",78.1050502279974,9.792573799156582,2.585799019439778,1.4156409641032672,1.0988445846333186,2.516371241471526,4.485720163198135
"New York-Newark-Jersey City, NY-NJ-PA",49.205408642616405,6.347108810353282,31.865758153613594,1.5552212808394976,0.6781238056243182,5.873987204284246,4.474392102668654
"Niles, MI",81.99226085472031,9.319694986627212,0.7141637739714334,1.234848915950606,0.4438627439822455,2.648950093894042,3.6462186308541513
"North Port-Sarasota-Bradenton, FL",79.61144275413484,8.673458471263208,0.804807448366085,1.2009451062021832,0.7183051666009495,1.0111291451557194,7.979911908277016
"Norwich-New London, CT",80.43311767408953,8.575554890991182,1.4456706467589115,0.9387377004938037,0.28592476969197445,2.991998482848161,5.328995835126441
"Ocala, FL",80.67048571889624,9.674035823785703,0.383249959657899,1.538647732773923,0.19767629498144262,0.7624657092141359,6.773438760690658
"Ocean City, NJ",79.84675609872536,7.418723444884709,1.668496682102449,0.8211199694466988,1.339093903661622,4.664152384589679,4.241657516589488
"Odessa, TX",81.47747260181302,12.787173589500744,0.3680151535651468,0.7644432417805439,0.04735489108375051,1.769719929644162,2.785820592612637
"Ogden-Clearfield, UT",80.27681330536981,9.651548760577814,1.7440065686670763,1.0152155025634986,0.3978117173054462,1.2784077347327818,5.636196410783562
"Oklahoma City, OK",83.16936289587562,9.443427553986302,0.4164128639078118,0.9936472476696749,0.2892973580833219,1.6067037180907584,4.081148362386506
"Olympia-Lacey-Tumwater, WA",78.93290429855894,9.64943342776204,2.0253417908609435,1.2640103461017367,0.7059058997413474,1.8051792092622243,5.617225027712772
"Omaha-Council Bluffs, NE-IA",83.83334820752191,8.199759660785482,0.863602307090422,1.0097152665212457,0.17807516930631628,1.7257517864592304,4.189747602315393
