msa,ms_cara,ms_carp,ms_pt,ms_taxi,ms_bike,ms_walk,ms_wfh
"Abilene, TX",0.8029113320182055,0.10575175028043167,0.005105790430510966,0.009154321226421177,0.0026560424966799467,0.019430369138333396,0.054990394409417345
"Aguadilla-Isabela, PR",0.830419112871388,0.10144798339340066,0.00413891471288667,0.008290564547966837,0.0037186556805012543,0.028017268825694382,0.023967499968162196
"Akron, OH",0.8467359846893525,0.07173656817439202,0.013032138355972552,0.006141180040143771,0.0009685851654763572,0.015929141576809972,0.04545640199785277
"Albany, GA",0.8119073239626068,0.11438227184074248,0.009953594727284956,0.009062478983119241,0.0013114533593382204,0.015855134844306947,0.03752774228260138
"Albany-Lebanon, OR",0.7929696924704441,0.11196896865314304,0.0017074664538520071,0.015033128561088325,0.006458677455874984,0.02225274215400605,0.04960932425159147
"Albany-Schenectady-Troy, NY",0.7933849233484312,0.08015634979203763,0.036182970781455576,0.008598335849644218,0.00280517886118314,0.03332137239369997,0.04555086897354827
"Albuquerque, NM",0.8062187150628898,0.09559397011133997,0.015101282908795881,0.01057862494778298,0.007830742000835472,0.016559737478177513,0.048116927490178374
"Alexandria, LA",0.8133183139060306,0.09687530610245862,0.01627648806608548,0.028357331766088744,0.001779475626081562,0.020292552323113593,0.02310053221014138
"Allentown-Bethlehem-Easton, PA-NJ",0.8168253765260248,0.08381208621486823,0.017129351814506213,0.010801451998465368,0.001871563062575625,0.023560544204302872,0.04599962617925688
"Altoona, PA",0.8310422798076232,0.08594142559758812,0.011485176943507286,0.0069090517550786015,0.0018125044863972436,0.028712942358768215,0.03409661905103725
"Amarillo, TX",0.831780174889896,0.10613869917661327,0.002991957617923023,0.010100848918108125,0.0020345311801876556,0.01523903746728793,0.03171475074998404
"Ames, IA",0.748535551816539,0.07602667165202219,0.04954197046176855,0.006590016825574874,0.01677883716582539,0.05673957749111984,0.045787374587150244
"Anchorage, AK",0.7572327364425991,0.11513793015614254,0.013479711658473217,0.03187549351741002,0.010234595888840776,0.02662828905473904,0.04541124328179526
"Ann Arbor, MI",0.7184635718717126,0.07934615488360802,0.05148221077333909,0.006031343565397998,0.015542308418525611,0.07009953335311413,0.05903487713430259
"Anniston-Oxford, AL",0.8437519859342895,0.10525981316330205,0.003918910331094965,0.008197936746668926,0.0,0.013472578219331878,0.02539877560531277
"Appleton, WI",0.8550369908332215,0.06338578636116002,0.004934742959108746,0.006908640142752245,0.003781987003860943,0.021310193994615208,0.04464165870528136
"Arecibo, PR",0.9010201433391228,0.04755345271605678,0.0032740412449342197,0.003693278233614821,0.000938292307999441,0.01928490147930766,0.024235890678964284
"Asheville, NC",0.7920535643067279,0.08752997039323972,0.004358903376859806,0.009815743664575582,0.0021771056693896127,0.019730020128843367,0.08433469246036401
"Athens-Clarke County, GA",0.7627869139438375,0.10321178857184048,0.028060672838298443,0.011636168920101738,0.008917630340538147,0.029358157160362882,0.05602866822502085
"Atlanta-Sandy Springs-Alpharetta, GA",0.7734126738285919,0.09220514985196285,0.030045644935533224,0.015657392424991767,0.0019002097615970022,0.013221665821390083,0.07355726337593317
"Atlantic City-Hammonton, NJ",0.7761252634362504,0.0781774618768681,0.05495500548908993,0.01843853421265616,0.003942528827738735,0.03660461724615964,0.03175658891123701
"Auburn-Opelika, AL",0.8305470198854792,0.08969447565416322,0.007228622094675998,0.008352171970814776,0.002734422590120883,0.02159110906555846,0.039852178739187526
"Augusta-Richmond County, GA-SC",0.8407494597843777,0.0875980409210918,0.008191176413741385,0.015574445385070334,0.0014573258650214733,0.015508730425639657,0.030920821205057732
"Austin-Round Rock-Georgetown, TX",0.7625914249967488,0.09153037933245739,0.02024242478598367,0.011914958497199514,0.007616245958465809,0.018136566859643852,0.08796799956950094
"Bakersfield, CA",0.8053597994298212,0.12062956750573439,0.00817928034187021,0.018299658011249473,0.0034613766084436253,0.010123341176749507,0.03394697692613161
"Baltimore-Columbia-Towson, MD",0.765049999750518,0.08116575083024036,0.06197345939538401,0.01209417302786286,0.0029973476502718997,0.025918325305953994,0.05080094403976885
"Bangor, ME",0.7976437587657784,0.0991444600280505,0.004221598877980365,0.013309957924263675,0.002244039270687237,0.03784011220196353,0.0455960729312763
"Barnstable Town, MA",0.7980096722606501,0.07562474711469915,0.014701065490067628,0.010327354000886304,0.004884298953777384,0.023458122194177377,0.07299473998574209
"Baton Rouge, LA",0.8479710406503652,0.08659842035289123,0.00847020303574924,0.008594764845098492,0.002595461374399752,0.01524992437318718,0.030520185368308934
"Battle Creek, MI",0.8242577212340331,0.09021607517437795,0.009925473677029862,0.007537902689428177,0.0033255453041594898,0.030629124955233043,0.03410815696573836
"Bay City, MI",0.8646283468328593,0.06968361164795553,0.0059064949729647565,0.004951032550867517,0.0050813228811535036,0.01341990401945669,0.036329287094742785
"Beaumont-Port Arthur, TX",0.8825453643965825,0.07566073901186941,0.004770744272385916,0.008041939014288046,0.0006288433514932007,0.009245206581087536,0.019107163372293404
"Beckley, WV",0.8098206601381684,0.10667348980019074,0.0026284571189318694,0.017538554581191412,0.0003954316019632016,0.025005233653555396,0.03793817310599893
"Bellingham, WA",0.7630606457034271,0.08562588925068991,0.025075675830524335,0.010341567754934446,0.017894827306322393,0.036983279699779416,0.061018114454322356
"Bend, OR",0.7444559051057246,0.09278651030338364,0.0026459178868533757,0.010101576339215643,0.016536986792833597,0.021111285512478418,0.11236181805951073
"Billings, MT",0.8157780037774226,0.08870237709406677,0.006157869444227137,0.009979995306161222,0.004380916192626203,0.03138166497166933,0.04361917321382671
"Binghamton, NY",0.8138810729694241,0.08535921965860063,0.02678671918964547,0.005908835115362971,0.0023822922528606264,0.03626899268429938,0.029412868129806792
"Birmingham-Hoover, AL",0.8443195384408525,0.0927416890424522,0.005761340346902771,0.008976119366497032,0.0009473208137587653,0.010997070435849065,0.03625692155368763
"Bismarck, ND",0.8519414662416691,0.0814691393798899,0.0020139090118806145,0.008041147493480151,0.002057374674007534,0.015415821501014199,0.039061141698058535
"Blacksburg-Christiansburg, VA",0.8008895379713223,0.07310143388210302,0.02819968135953266,0.008696229421136485,0.008629845990440786,0.04314922995220393,0.03733404142326075
"Bloomington, IL",0.8079427157565876,0.0792903321437123,0.010638176573207302,0.007924472366965783,0.0040591541908486595,0.04337365882580983,0.04677149014286854
"Bloomington, IN",0.7318216585654717,0.09948431986972292,0.034234745490883074,0.007648844037602704,0.014471119445335438,0.07032001776505711,0.04201929482592712
"Bloomsburg-Berwick, PA",0.8358170407293577,0.07252253415635734,0.003176734936336166,0.007231591724992897,0.0019886877243730466,0.03670032800433896,0.04256308272424391
"Boise City, ID",0.7985179108071233,0.08916315168377341,0.0035640291661836352,0.010739647520785217,0.012442890817051458,0.017163223023806764,0.06840914698127622
"Boston-Cambridge-Newton, MA-NH",0.6639216229309868,0.07171402516813732,0.13380003343546276,0.013346257574858394,0.010532170772207916,0.054035121199673714,0.05265076891867308
"Boulder, CO",0.6502082645394138,0.07218292520435415,0.048795889165030096,0.009251695951151972,0.041809323531286025,0.04961272644061709,0.12813917516814682
"Bowling Green, KY",0.816815089053432,0.10820242145287172,0.0019386631979187512,0.01088152891735041,0.0020637382429457675,0.028904842905743446,0.031193716229737843
"Bremerton-Silverdale-Port Orchard, WA",0.6909304787672038,0.07206211033996,0.0926008704858252,0.02079755322903188,0.005920872054268125,0.054377916323569774,0.06331019880014116
"Bridgeport-Stamford-Norwalk, CT",0.7220102379161824,0.08127307376768989,0.10051830518903399,0.00950297395228003,0.0015083407397279004,0.0247743898270322,0.0604126786080536
"Brownsville-Harlingen, TX",0.8469992660481397,0.08230297783716306,0.007063502518646768,0.012050611312895598,0.0016310041339681702,0.01420228215116899,0.0357503559980177
"Brunswick, GA",0.8277111737972105,0.09859348064566682,0.005171603196991067,0.013908478294938097,0.0025858015984955335,0.013790941858642845,0.03823852060805517
"Buffalo-Cheektowaga, NY",0.82507212605415,0.07394769936381121,0.03246597129752922,0.008568205355821867,0.004201805000739754,0.025094318686196184,0.030649874241751737
"Burlington, NC",0.8576512921164541,0.08711808963035655,0.0018187765783447825,0.005273143604841348,0.0008635917566241413,0.01455021262675826,0.03272489368662087
"Burlington-South Burlington, VT",0.7479195736597011,0.08588168048013718,0.022317300741388296,0.00775011347780038,0.015718776793369534,0.06543045912277458,0.05498209572482894
"California-Lexington Park, MD",0.8233868524689488,0.0908637311331682,0.01683981681130495,0.008713936953151452,0.003154124418625372,0.019530623518719818,0.0375109146960814
"Canton-Massillon, OH",0.8476901534909573,0.07400914960023942,0.011656120398477916,0.007097353456753174,0.001271965453845825,0.016695882679892256,0.04157937491983411
"Cape Coral-Fort Myers, FL",0.7901298889727922,0.10179087842405336,0.006693948077385997,0.020203852152780297,0.006456527258877725,0.011683082777427875,0.06304182233668251
"Cape Girardeau, MO-IL",0.8042975656194751,0.11262976562854164,0.00516795865633075,0.013214560950179066,0.001586653973434879,0.0247744684709189,0.03832902670111973
"Carbondale-Marion, IL",0.8197681621095478,0.08404565967613485,0.009149632775860544,0.008424033271391912,0.007556853375807451,0.03297053358109902,0.038085125210158395
"Carson City, NV",0.8000158906721754,0.11965676148101065,0.00794533608771651,0.013030351183855078,0.005959002065787383,0.020181153662799937,0.03321150484665501
"Casper, WY",0.8460347877358491,0.08394752358490566,0.005699685534591195,0.007787932389937107,0.002825275157232704,0.014003537735849057,0.03970125786163522
"Cedar Rapids, IA",0.846688228700352,0.0748459599745825,0.005404787913837542,0.007175444984685244,0.003312842261586023,0.020319717837228066,0.04225301832772863
"Chambersburg-Waynesboro, PA",0.8233113673805601,0.09755628775398133,0.002539813289401428,0.010351455244371225,0.0007413509060955519,0.022185612300933553,0.04331411312465678
"Champaign-Urbana, IL",0.7206798143639961,0.07957001012062694,0.053046673413751286,0.010093273886047211,0.021763906744349318,0.07490175697730608,0.039944564493923064
"Charleston, WV",0.8288330706845524,0.08148518276511511,0.01696967367490487,0.008801937194911019,0.0007495099358112003,0.027549294691932198,0.035611331052773185
"Charleston-North Charleston, SC",0.8105552820921001,0.08184964862855168,0.00790193018652535,0.012023082642983568,0.006676581171517443,0.023048605510928646,0.057944869767393145
"Charlotte-Concord-Gastonia, NC-SC",0.8040304694397155,0.0894817682007839,0.015566083418775507,0.01036991859181692,0.0010060966092863438,0.01361151864560347,0.0659341450940184
"Charlottesville, VA",0.7213761295180723,0.09673381024096385,0.03137236445783133,0.012932981927710844,0.009572665662650602,0.04618787650602409,0.081824171686747
"Chattanooga, TN-GA",0.8244037114598775,0.09050016863141878,0.007819791838239332,0.00751390228789697,0.0018980838764833682,0.01668274547636415,0.051181596429719915
"Cheyenne, WY",0.8146926660345467,0.10590757307169064,0.005276827307581317,0.010120789875087603,0.0035041431339407183,0.017891742589767903,0.042606257987385085
"Chicago-Naperville-Elgin, IL-IN-WI",0.6999828736182343,0.07697633408405045,0.1213441658948363,0.012654231213012963,0.006874559649430039,0.030163437982885195,0.05200439755755075
"Chico, CA",0.7592053691275168,0.10779060402684564,0.011865771812080537,0.010706040268456375,0.02381744966442953,0.030292617449664428,0.05632214765100671
"Cincinnati, OH-KY-IN",0.8231056164017941,0.07967008184715478,0.017719755565206635,0.008079628232944015,0.001659076515604526,0.02020558041173741,0.04956026102555852
"Clarksville, TN-KY",0.8401785055690787,0.0812347864571808,0.006675518182488752,0.013247768680386516,0.0007302500553219739,0.03115733569373755,0.026775835361805708
"Cleveland, TN",0.8282003845177205,0.10490804222439874,0.0016686618057822759,0.012007109950302899,0.0013965973809264701,0.015199332535277688,0.03661987158559147
"Cleveland-Elyria, OH",0.8143360800145689,0.07654933079058994,0.02993384638365005,0.010255549803462579,0.0028657018155924465,0.02179508953144087,0.044264401660695174
"Coeur d'Alene, ID",0.8084407906633838,0.09300449303787783,0.003199376817037377,0.010307557484455202,0.004381755205942495,0.019474467581966644,0.06119155920933662
"College Station-Bryan, TX",0.7981649065663773,0.10674770403451923,0.016999378788133176,0.010392706636893269,0.01333087087187925,0.018955356693138126,0.03540907640905962
"Colorado Springs, CO",0.7702119803292996,0.10440968317640412,0.006940131921250063,0.009712268452470866,0.004467307810655522,0.034367779437516434,0.06989084887240339
"Columbia, MO",0.7887913649720553,0.1068527090095454,0.008450650123878849,0.009209288032727064,0.00797049954865846,0.03334165594330382,0.04538383236983118
"Columbia, SC",0.8067370520056261,0.08642085210176795,0.007147053811465299,0.018617948007091097,0.001159806597163052,0.04394547891619126,0.035971808560695276
"Columbus, GA-AL",0.8030197529959321,0.09237365778575879,0.008707443104775168,0.017935280536519223,0.0023454392201414593,0.01988492688826181,0.055733499468611426
"Columbus, IN",0.8437920272019082,0.0951051790200208,0.0032733639523966607,0.0070796011063462665,0.0016493694333781623,0.012230708721358065,0.036869750564591845
"Columbus, OH",0.8220410460961289,0.0761910086474221,0.01655936511669827,0.0095429137118175,0.0035144912518471324,0.0219824391109089,0.05016873606517714
"Corpus Christi, TX",0.8380691579637863,0.09360585583240491,0.010375777011901167,0.009605272748097167,0.0022802761320685956,0.015951520704699036,0.030112139607042825
"Corvallis, OR",0.6652040368582711,0.07831227916214406,0.02468765155539133,0.010992817717835616,0.07882035056927092,0.07946698690561418,0.06251587723147271
"Crestview-Fort Walton Beach-Destin, FL",0.8081017590999442,0.09343892646977947,0.004148301788955146,0.014605479215279578,0.0061203164651440515,0.017158884672496287,0.05642633228840126
"Cumberland, MD-WV",0.8381722624757628,0.08786610878661087,0.007041534850494948,0.007296662924788244,0.0002041024594346362,0.0355138279416267,0.023905500561281764
"Dallas-Fort Worth-Arlington, TX",0.8064347618239857,0.09668582531629395,0.013619971405219759,0.011559351792901533,0.0014834368370383914,0.012491215586578518,0.05772543723798215
"Dalton, GA",0.8579040576648232,0.10636612191636115,0.0008388740446156714,0.008652830423165352,0.0006524575902566333,0.007503262287951283,0.018082396072826693
"Danville, IL",0.8435043175666967,0.07765175924732569,0.007056321690939554,0.0062185848691841735,0.0011599432916612965,0.021007861837865703,0.04340121149632684
"Daphne-Fairhope-Foley, AL",0.8376010564627823,0.07775308403388412,0.0004831384674847811,0.012314662715667644,0.0008159671895298525,0.006001653407199837,0.06503043772345155
"Davenport-Moline-Rock Island, IA-IL",0.8558389708328712,0.06778862149273594,0.009127204169901298,0.008683597648885438,0.002462016191638017,0.019640678717977155,0.03645891094599091
"Dayton-Kettering, OH",0.828403434192779,0.08167111331274685,0.017690561892736666,0.007077840087658605,0.0022264639606290096,0.025532991780659646,0.037397594772790296
"Decatur, AL",0.8828024072848726,0.08171849891294074,0.0018117654472697483,0.006506601128020922,0.00023631723225257586,0.006223020449317831,0.020701389545325646
"Decatur, IL",0.8521978863531935,0.08128569240531257,0.013565849068988906,0.006695402927597751,0.00028444522241428353,0.016847909327615256,0.029122814694877798
"Deltona-Daytona Beach-Ormond Beach, FL",0.8095518890069896,0.07639783512550187,0.009246913626615488,0.015778344494480772,0.006677909190951395,0.012413098917938336,0.06993400963752248
"Denver-Aurora-Lakewood, CO",0.7525840589761372,0.08118658652487734,0.04162877912203642,0.010367059669671984,0.008137473992448177,0.021933677532043873,0.08416236418278493
"Des Moines-West Des Moines, IA",0.8359384849868738,0.07849356019959598,0.011212565245530524,0.007385387802903163,0.0022245819102826676,0.018407434698434668,0.046337985156379144
"Detroit-Warren-Dearborn, MI",0.8381505040547083,0.08406374722308663,0.013256289435437612,0.008904220807784557,0.0024678647213987348,0.014046066472984448,0.03911130728459975
"Dothan, AL",0.876779359430605,0.07596876235666271,0.0003130354553842098,0.012274284961117701,0.0011203374192698037,0.006639646764201925,0.026904573612758668
"Dover, DE",0.8239360846927292,0.09243479228761889,0.010660796220488022,0.008014148434891228,0.0026219127595631794,0.021408165032093696,0.040924100572615855
"Dubuque, IA",0.831218553931886,0.07757532022370557,0.010042696494076613,0.006675085693667689,0.0026259346122236254,0.03205243851103494,0.03980997053340549
"Duluth, MN-WI",0.8005119307101067,0.08451158655500746,0.018161351382356316,0.008252552483652633,0.004724962716530916,0.04078954915682001,0.043048066995525984
"Durham-Chapel Hill, NC",0.7648144065158746,0.08673674517534759,0.0343886179705333,0.012479897281593691,0.006893286989001868,0.02809517015978419,0.06659187590786471
"East Stroudsburg, PA",0.7818237493142121,0.10065452875205737,0.043699044362504304,0.011266060196231038,0.0,0.01579545019584827,0.04676116717914695
"Eau Claire, WI",0.8121801668894933,0.07712876308146235,0.004137660780969066,0.007353280162279287,0.0071919229173389885,0.029240237886681113,0.06276796828177585
"El Centro, CA",0.8078122103702206,0.08971572047250728,0.0093524088772054,0.019075543872065788,0.0031343208129012688,0.025293631936369916,0.04561616365872976
"Elizabethtown-Fort Knox, KY",0.83320457692588,0.1019604985059398,0.003046425187668537,0.011617229064936958,0.0005101668974564536,0.019226003935573208,0.030435099482545004
"Elkhart-Goshen, IN",0.778795231564511,0.14001476949045258,0.0027956535499525266,0.01257516615676759,0.011615149277349931,0.016816119843865388,0.03738791011710096
"Elmira, NY",0.8222912071453857,0.08860931841080522,0.021893636140838165,0.00688941535277619,0.004792636767148653,0.0338752280587098,0.021648558124336248
"El Paso, TX",0.8070963389279764,0.1057318701895937,0.01371903784989467,0.02102190585028019,0.0014374423439672858,0.016078976717289237,0.0349144281209985
"Enid, OK",0.8175516428670456,0.11527797033134618,0.0031540274504367116,0.020137252183557466,0.004401774573686399,0.01091778732843477,0.02855954526549286
"Erie, PA",0.7908637660713713,0.10646381737150919,0.018452018339799287,0.008352303696816185,0.003414665426913335,0.035132578793805505,0.03732085029978518
"Eugene-Springfield, OR",0.7075023630183229,0.11048358215965197,0.02910181820316674,0.012058732013174193,0.03268890937164261,0.047383654371143585,0.060780940862897974
"Evansville, IN-KY",0.8645941762083967,0.06959457656070675,0.01057597352336723,0.010729441908879814,0.0010008807750820723,0.019597245576106974,0.02390770544746043
"Fairbanks, AK",0.7428039215686274,0.15007843137254903,0.00896078431372549,0.017745098039215687,0.009137254901960785,0.03474509803921569,0.03652941176470588
"Fargo, ND-MN",0.8216071950862825,0.0859827434922492,0.007692307692307693,0.007867797601637905,0.004862532904357999,0.02777127815150629,0.04421614507165838
"Farmington, NM",0.8397016567830287,0.10187279656008641,0.003321717511361089,0.005787532351083124,0.0005094658759756272,0.017179189337898148,0.03162764158056693
"Fayetteville, NC",0.8128740044641694,0.0922450255777799,0.004016883940280878,0.013757284673307914,0.001024848226925716,0.042340128019176825,0.03374182509835937
"Fayetteville-Springdale-Rogers, AR",0.8201725579782568,0.10892365431292961,0.0036510494217472005,0.005678503681644808,0.0035980174189732188,0.015522059273461562,0.04245415791298672
"Flagstaff, AZ",0.6886349381186225,0.11905089724172747,0.01620083528385883,0.013799011733749445,0.019444061988465128,0.08992304985696147,0.05294720577661511
"Flint, MI",0.8377564542464327,0.09296244586951892,0.014488038051066045,0.005590525095245983,0.0013429092027733738,0.010826096216190633,0.03703353131877233
"Florence, SC",0.8526376744455383,0.08342115930279692,0.0026058254676009033,0.01104869998262783,0.0018067056575366263,0.010423301870403613,0.03805663327349586
"Florence-Muscle Shoals, AL",0.8880690586419753,0.07122878086419752,0.0004018775720164609,0.006156764403292181,0.0014789094650205761,0.010545267489711935,0.022119341563786008
"Fond du Lac, WI",0.832794222740437,0.07785759957874148,0.0021627110994094857,0.008425170195960431,0.0049272200699590025,0.03225260465641103,0.041580471659081505
"Fort Collins, CO",0.7489190257040941,0.07970550754316941,0.015759687032203852,0.011602735685785674,0.030690209739620142,0.02739024702419045,0.0859325872709364
"Fort Smith, AR-OK",0.8379715877064764,0.10133463261777154,0.002789640117317742,0.012228559418379142,0.0007738385256943051,0.0175594470398288,0.027342294574532116
"Fort Wayne, IN",0.8392093499768085,0.08966171066245993,0.006804524116558695,0.006045067866845402,0.002568898992318788,0.01378744399647286,0.04192300438853578
"Fresno, CA",0.7851317575166356,0.12173954797833653,0.011140062018403342,0.015484382937104645,0.0049306399723014795,0.016080810939904825,0.04549279863731365
"Gadsden, AL",0.8685021178282634,0.08144012321909896,0.0008904505198305738,0.00712360415864459,0.0008904505198305738,0.00996341932999615,0.03118983442433577
"Gainesville, FL",0.7481698490383952,0.10698972909629834,0.030254359964155236,0.01664713586544427,0.019052871027779694,0.02818639277590129,0.05069966223202592
"Gainesville, GA",0.806236442516269,0.11648590021691974,0.002668112798264642,0.01712581344902386,0.0009002169197396963,0.011095444685466378,0.045488069414316705
"Gettysburg, PA",0.8194731456774271,0.09136689204100877,0.004072788556066047,0.005196316433601509,0.003089701663222519,0.03631402604177116,0.04048712958690288
"Glens Falls, NY",0.8195539045897964,0.08637451265833375,0.007981527031775513,0.008784699563274935,0.004701905861486204,0.029365995682947642,0.04323745461238559
"Goldsboro, NC",0.8161258057346077,0.1281025413054753,0.004778839742164926,0.004260205971697414,0.0013336296954878863,0.017207527598725642,0.02819144995184115
"Grand Forks, ND-MN",0.8096819683081604,0.08822874531487736,0.009017701413886518,0.00801573459012135,0.006011800942591012,0.03948491483281998,0.03955913459754332
"Grand Island, NE",0.8212090297941353,0.11368332940961051,0.0036098250019618613,0.010070888592429831,0.002798922284129849,0.015956472834758952,0.03267153208297366
"Grand Junction, CO",0.7890799867146095,0.08179179482736212,0.0032635850337188986,0.019191612875276178,0.007523574347644009,0.027494981876994614,0.07165446432439458
"Grand Rapids-Kentwood, MI",0.8186851002287225,0.09080452617863735,0.014189091087365203,0.007417924828929529,0.004772437148454662,0.022189664307789198,0.04194125622010156
"Grants Pass, OR",0.7882229766172785,0.08861321742441067,0.0031726894888797234,0.014530917859069133,0.013230115168628447,0.034614042323677784,0.05761604111805577
"Great Falls, MT",0.8045768722980144,0.10606021382898859,0.007662636879028709,0.009681845245799788,0.004116078593802584,0.02839835356856248,0.03950399958580341
"Greeley, CO",0.8039688353199707,0.09647066657787841,0.005380568688819338,0.00991542918026237,0.0034893787041353134,0.018645535060265034,0.06212958646866884
"Green Bay, WI",0.8381136818807849,0.07933433972250122,0.006645777074775517,0.009045473955169572,0.002111011541399282,0.0180548622429648,0.046694853582404626
"Greensboro-High Point, NC",0.826874349802625,0.09016260278462612,0.009325789856208406,0.008923914437588177,0.001484943922703111,0.014008636046229924,0.04921976315001924
"Greenville, NC",0.8252998334591376,0.09334675245318284,0.012556462144902532,0.0072726837041563325,0.0021566442615290607,0.012388723146783605,0.04697890083030804
"Greenville-Anderson, SC",0.8290188112520939,0.09520187919979976,0.003975970887806381,0.009095153743959028,0.0017665633363498083,0.014130099928759843,0.0468115216512313
"Guayama, PR",0.8354437869822485,0.10485207100591716,0.006568047337278106,0.00378698224852071,0.0,0.029763313609467455,0.019585798816568047
"Gulfport-Biloxi, MS",0.8503585084700083,0.0837343275369317,0.002582833143364084,0.01338581350821734,0.0016676118338676803,0.02557566297396392,0.022695242533647016
"Hagerstown-Martinsburg, MD-WV",0.8188477423012972,0.09923453554927246,0.010949436437333824,0.009692818119823154,0.0013102544652092958,0.015255652866852095,0.04470956026021194
"Hammond, LA",0.7974558999226931,0.1394862604540024,0.0031098460889732236,0.008767306205636377,0.0028287300583315763,0.015162695902733853,0.03318926136762949
"Hanford-Corcoran, CA",0.7700311625204669,0.1440166200109157,0.0022711667458934137,0.010810049472701984,0.007095195337946091,0.019296114368210708,0.046479691543865206
"Harrisburg-Carlisle, PA",0.8003278539228632,0.08630334193833124,0.013443411922534003,0.010935469521144126,0.0038564868490646004,0.03337034533245999,0.05176309051360278
"Harrisonburg, VA",0.7607239449021951,0.10981822756148185,0.009403107113654947,0.011525882130951633,0.009717592301402603,0.05514497767155167,0.043666268318762184
"Hartford-East Hartford-Middletown, CT",0.8110913086702267,0.07638814469447545,0.02757082303597248,0.008371981066595004,0.0018893836751315233,0.024250387851229994,0.05043797100636884
"Hattiesburg, MS",0.8330211100237662,0.07230532643646023,0.002348664895847896,0.0591500069900741,0.0018453795610233468,0.015140500489305186,0.016189011603523
"Hickory-Lenoir-Morganton, NC",0.84892440376228,0.08357478115907259,0.002171492547412971,0.02213322998751238,0.0004859714199592768,0.008704424800536414,0.03400569632322636
"Hilton Head Island-Bluffton, SC",0.7758007117437722,0.10520128669594862,0.004573968986780375,0.016521859938230046,0.0027251450738995224,0.01868060231049555,0.07649642525087365
"Hinesville, GA",0.8116964156145697,0.10448410970831519,0.005398345668262952,0.02144826585401248,0.003685967203598897,0.029284574082136118,0.02400232186910463
"Homosassa Springs, FL",0.8234917127071824,0.0816353591160221,0.0030276243093922653,0.02413259668508287,0.00287292817679558,0.006364640883977901,0.05847513812154696
"Hot Springs, AR",0.8164753143055521,0.10365263967069209,0.00528182111240608,0.018077218736826443,0.00012398641108934461,0.019341880129937757,0.03704713963349617
"Houma-Thibodaux, LA",0.8207204754775191,0.08712172768930629,0.004446259244135929,0.0387119459189692,0.003561544394537453,0.012397350392450433,0.03304069688308153
"Houston-The Woodlands-Sugar Land, TX",0.8076811856915959,0.09789767626545127,0.020128592145372753,0.013734746021880889,0.002422201012163722,0.012701063955725235,0.045434534907810235
"Huntington-Ashland, WV-KY-OH",0.8465960557754716,0.08486145287257944,0.005855711279911558,0.01017082129738597,0.0013408936913804786,0.022331585892086586,0.028843479191184337
"Huntsville, AL",0.8803326873684504,0.06176227874157387,0.0018451724169904218,0.009995456610631531,0.000871588980889948,0.008224461979248764,0.03696835390221513
"Idaho Falls, ID",0.7839783837815887,0.10473869990316434,0.029488020491675256,0.009902227220191797,0.002905069815387499,0.018086402399025397,0.05090119638896698
"Indianapolis-Carmel-Anderson, IN",0.8317151974072481,0.08310510047913895,0.008684518510368007,0.009253683568234788,0.0026497684328455253,0.015275429874663652,0.049316301727500976
"Iowa City, IA",0.7010754300649115,0.09337175175132287,0.050547355341802526,0.011771888857944685,0.01902354377771589,0.07892199918592943,0.04528803102037319
"Ithaca, NY",0.6023706238162155,0.09484531883261034,0.0669232805849168,0.008655628194945112,0.015009877599234231,0.13961019123846766,0.07258507973361031
"Jackson, MI",0.8468548173051402,0.08425491757350556,0.0038337904391164586,0.007033530920994426,0.0024477277418974313,0.022884779851956707,0.03269043616738919
"Jackson, MS",0.8545515275505673,0.09937334178493211,0.002945407479664922,0.006999138392399634,0.0006566436778118963,0.009375201642747882,0.026098739471876294
"Jackson, TN",0.845394866150399,0.08239317583238334,0.003315119829133745,0.024489956366209365,0.001572388851763041,0.011452232137007481,0.031382260833104025
"Jacksonville, FL",0.8094493011393191,0.08210564290148833,0.012134279689693554,0.016733224826753025,0.004840847693675856,0.015125202051557405,0.05961150169751274
"Jacksonville, NC",0.7161413196823734,0.13572695392800999,0.003476560925470595,0.015075174331895683,0.002418477165544762,0.08230883953404007,0.044852674432665565
"Janesville-Beloit, WI",0.8300167000242215,0.10027663398901113,0.005723901431612764,0.010058258863123542,0.003250768073633084,0.019173157579388856,0.03150058003900922
"Jefferson City, MO",0.8411100645288271,0.09784763324007817,0.003233470638680744,0.014677144986011725,0.001476149639397731,0.012230954155009771,0.02942458281199477
"Johnson City, TN",0.8588342955272107,0.06040920542745133,0.004349643555183984,0.018212014054432683,0.00042931546778439324,0.013399161705060274,0.04436636426287664
"Johnstown, PA",0.8223390323101487,0.09280421951525807,0.011768716025905528,0.01090759046303439,0.0014890296191313395,0.02586964711792038,0.03482176494860157
"Jonesboro, AR",0.8346435069170299,0.10772029796436786,0.0044111084411795,0.003982012289313789,0.0006865538429851361,0.017575778380419484,0.030980742164704266
"Joplin, MO",0.8243238283973724,0.10478672000195725,0.003021517609208901,0.010850551090559898,0.002165217072186135,0.014422547616426291,0.04042961821228914
"Kahului-Wailuku-Lahaina, HI",0.7420601943852296,0.1316496248389156,0.023894689935084486,0.014825787958714216,0.004094856138068914,0.024292131854367644,0.05918271488961954
"Kalamazoo-Portage, MI",0.8251084702443354,0.07620847713133508,0.016995584668008355,0.00711656629502376,0.00480559530459669,0.029759490668115486,0.04000581568858518
"Kankakee, IL",0.8187647317326515,0.08423554792057848,0.015840357956134393,0.021153769326035715,0.0027765570692341495,0.02239223363029843,0.03483680236506732
"Kansas City, MO-KS",0.836584490465603,0.07833447531684216,0.00884501186264502,0.008299656472715916,0.0014785190571411258,0.012461137602021078,0.05399670922303171
"Kennewick-Richland, WA",0.8069650085953529,0.11932092750592169,0.006543559030666001,0.009237033692199222,0.0025904888656510684,0.012263231694274781,0.043079750615934276
"Killeen-Temple, TX",0.7961359910524138,0.11373444258887579,0.00420822544648557,0.009728967810139577,0.002175611699275307,0.030923307134065686,0.043093454268744225
"Kingsport-Bristol, TN-VA",0.8582862786011802,0.07745912410503095,0.002174207370005495,0.012933746406186535,0.0010990498793434372,0.012997459442670214,0.035050134195583095
"Kingston, NY",0.7675750879777395,0.0739597582219728,0.025662609752960846,0.011656319783007728,0.0027240947938222673,0.038873884933300594,0.07954824453719617
"Knoxville, TN",0.8416842952022381,0.07902929773514684,0.005053089257666822,0.0071965155322035795,0.0015426559648091154,0.013776986933245763,0.05171715937468975
"Kokomo, IN",0.8352941176470589,0.09546454095656955,0.0044804837822979655,0.009840571742715777,0.0026388125343595383,0.012754260582737768,0.039527212754260584
"La Crosse-Onalaska, WI-MN",0.8086020305701216,0.07540722972219123,0.0073636059355126635,0.010710699542563873,0.011965859645208079,0.043832980029008144,0.0421175945553944
"Lafayette, LA",0.8477094018662433,0.08211837891897347,0.004950040829808513,0.011294717815559368,0.004486691317472405,0.01936892713943609,0.030071842112506766
"Lafayette-West Lafayette, IN",0.7684217189986977,0.09526479525394299,0.026090652582838953,0.008139198379395167,0.011376790623643466,0.060410939082621906,0.030295905078859788
"Lake Charles, LA",0.8584199923776338,0.08239777862470736,0.004224968693853106,0.012566015135841454,0.0026133826972287253,0.015636739805085207,0.024141122665650352
"Lake Havasu City-Kingman, AZ",0.79066013503081,0.12186460424182025,0.009881672585376809,0.020577460241707958,0.0015720842749463106,0.010541386522184636,0.04490265710315399
"Lakeland-Winter Haven, FL",0.8339220101088786,0.09369030977559144,0.0052500720284272195,0.01356979999217469,0.0035640732875908358,0.009614461174010009,0.04038927363332729
"Lancaster, PA",0.7786176984593277,0.10096511875937894,0.011889035667107,0.011009613765385206,0.007364690649312741,0.03943552340572036,0.05071831929376808
"Lansing-East Lansing, MI",0.796868773564663,0.08987524139410845,0.022591423229010206,0.007958342273855869,0.009437360144683198,0.03307865616282991,0.0401902032308494
"Laredo, TX",0.8163127520254523,0.1133420887129592,0.011782767933113832,0.014030187562428322,0.0008971181236358256,0.015491472753505235,0.02814361288890533
"Las Cruces, NM",0.804352757048563,0.10866014925034591,0.004434413772767483,0.008607979676548642,0.00762129425907864,0.022489622791299024,0.04383378320139724
"Las Vegas-Henderson-Paradise, NV",0.7877378501956225,0.09831206888424493,0.03370657417155068,0.021535164904231414,0.002626958188646041,0.014540090819100293,0.04154129283660418
"Lawrence, KS",0.7773582089552239,0.08725373134328358,0.020582089552238805,0.009164179104477612,0.008761194029850747,0.0531044776119403,0.04377611940298508
"Lawton, OK",0.7256907660513017,0.11152984491412098,0.011878918393219987,0.011427380559559577,0.0014067140202497351,0.02172591653496813,0.11634045952657995
"Lebanon, PA",0.818289892115196,0.09321782031087467,0.008812078342794306,0.0065533331351977885,0.0015603174131423308,0.03478764823015425,0.03677891045264065
"Lewiston, ID-WA",0.8137544897527995,0.07944221424043947,0.003063596027889288,0.012606521586027186,0.00478906965279245,0.029614761602929782,0.056729347137122334
"Lewiston-Auburn, ME",0.7932294020183762,0.11362780539237836,0.0015062509414068383,0.008604458502786565,0.003144298840186775,0.03567931917457448,0.044208465130290704
"Lexington-Fayette, KY",0.7993360092737897,0.09291138641579068,0.013141811701062227,0.013189126954711416,0.004325402771096689,0.03139367079623686,0.045702592087312414
"Lima, OH",0.8592928759894459,0.07586279683377309,0.006860158311345646,0.014142480211081793,0.0005065963060686016,0.015282321899736148,0.028052770448548814
"Lincoln, NE",0.8132489399619001,0.08908789238169193,0.011441149031021827,0.00610045641693156,0.010664625732529623,0.03293799545259018,0.036518941023334806
"Little Rock-North Little Rock-Conway, AR",0.8386511342020094,0.09499797541955424,0.005080386039425427,0.01131143290773448,0.001526446264139291,0.013353491745829218,0.03507913342130791
"Logan, UT-ID",0.7430714795523227,0.115108350670453,0.020683057204901975,0.009658167681584182,0.014502437320617758,0.03558032527979833,0.06139618229032209
"Longview, TX",0.8451520261808952,0.09181680052094639,0.0008682439765574126,0.009650865739426626,0.0004090764889549348,0.016095907565410496,0.03600707952780885
"Longview, WA",0.8196984279756175,0.09874421375865072,0.002199917503093634,0.0064851734726614416,0.005201888262523489,0.02028048948164444,0.0473898895458087
"Los Angeles-Long Beach-Anaheim, CA",0.7505903392414851,0.09512330362782881,0.04863532395464061,0.01541063919187304,0.007470360655305585,0.02496448550503385,0.05780554782383304
"Louisville/Jefferson County, KY-IN",0.82020023981601,0.08486112294174306,0.01833838956341692,0.012837691738141884,0.00219339916260967,0.01598281973829914,0.045586337039779316
"Lubbock, TX",0.8006760076247371,0.1275047327084193,0.007958810698213688,0.00842389346329449,0.003537249199206084,0.02093527489011601,0.030964031416013258
"Lynchburg, VA",0.8154749458435443,0.09176905512667174,0.009476334256153763,0.015607095959384748,0.0012880454328752686,0.022967355575814856,0.04341716780555532
"Macon-Bibb County, GA",0.8386453539131465,0.09297562973581815,0.007803658234260646,0.011263567479008805,0.0008299470774006489,0.01811871476766871,0.030363128792696467
"Madera, CA",0.7658439809253395,0.13792726875614283,0.0048050671617341926,0.03561938043755233,0.0023297295329620326,0.016999745185832332,0.036474828000436825
"Madison, WI",0.750470655643775,0.07507025729175193,0.042689149000027286,0.009194837794330305,0.022149463861831874,0.04955117186434204,0.050874464543941504
"Manchester-Nashua, NH",0.814154683284023,0.08064595782507779,0.010159873214838891,0.00848077795087524,0.0014546172874979235,0.02091236828754731,0.06419172215013985
"Manhattan, KS",0.7630024902170046,0.10024902170046247,0.0029882604055496264,0.010117395944503735,0.012664532194948418,0.06414799003913198,0.04683030949839915
"Mankato, MN",0.7934523809523809,0.07144660894660895,0.014033189033189033,0.007269119769119769,0.005447330447330447,0.03345959595959596,0.0748917748917749
"Mansfield, OH",0.848676036651654,0.08751358906662525,0.009415281876067712,0.006561577884764715,0.0025236838018325826,0.013220220531138376,0.03208961018791738
"Mayagüez, PR",0.8530162783274816,0.08605968720076604,0.011729971273539738,0.00426907117778487,0.002713054580274497,0.0271704436642196,0.01504149377593361
"McAllen-Edinburg-Mission, TX",0.7997675076383687,0.08635164158878068,0.0035340082242618833,0.040543186699447675,0.0013054383941864477,0.01059580829948,0.05790240915547461
"Medford, OR",0.7637673534685463,0.0970505814015912,0.010285922887788956,0.008546549706346565,0.012379612828414056,0.027915865875001344,0.08005411383231154
"Memphis, TN-MS-AR",0.8459055432770334,0.0916365593677875,0.00764657429230857,0.010822316644510957,0.0009965991665103534,0.010106265852206465,0.03288614139964279
"Merced, CA",0.7908518757123743,0.09409782447098469,0.011665592943158729,0.03989295802567025,0.004588929084692006,0.023569056940383568,0.03533376282273651
"Miami-Fort Lauderdale-Pompano Beach, FL",0.7786381192869707,0.09130951231521509,0.03315244972843407,0.017882084688986832,0.005796224018955841,0.015847272984661945,0.05737433697677559
"Michigan City-La Porte, IN",0.8278739382528509,0.0921286291961745,0.01101863540084298,0.008194441472859925,0.004129313849247951,0.02041121975224117,0.036243822075782535
"Midland, MI",0.8548541622312114,0.07565999574196296,0.008915265062806047,0.0071322120502448376,0.001836278475622738,0.012587822014051522,0.03901426442410049
"Midland, TX",0.8482492956936699,0.0972920140286322,0.0015063531305697694,0.0084056804461565,0.001161386764790433,0.010831943885471167,0.032553326050710055
"Milwaukee-Waukesha, WI",0.8093546303738871,0.07762065570053361,0.03219396119604139,0.0072940538047929805,0.004737440813836028,0.02599159515071533,0.042807662960193525
"Minneapolis-St. Paul-Bloomington, MN-WI",0.7748625125308,0.08054012302304835,0.04629239262028267,0.009109618345403499,0.008413723034707324,0.022511198345257763,0.0582704321005004
"Missoula, MT",0.730237092006792,0.09428652286019747,0.02047041066599585,0.010879818879315765,0.04163260172316206,0.05100308156719703,0.05149047229733979
"Mobile, AL",0.8594782804032235,0.07183331929351641,0.00430741583129756,0.010119900036503524,0.0011231853536629883,0.010726420127481538,0.042411478954314435
"Modesto, CA",0.8176743344416548,0.10067177851665875,0.00838705299586076,0.010938454230847527,0.002718780394019588,0.01212820338829703,0.047481396032661556
"Monroe, LA",0.8520344181079974,0.0929860067793243,0.009436422106060417,0.008343783756937633,0.0033151640819975414,0.0108022200424639,0.023081985125218838
"Monroe, MI",0.8633455674350456,0.07555162259005122,0.0023646149159328622,0.008080309866101866,0.002103491796381994,0.01141688306036296,0.03713751033612348
"Montgomery, AL",0.8534218023506777,0.088353908957488,0.004082236720397617,0.007091498834527583,0.000659817717647349,0.013443015181974027,0.03294772023728772
"Morgantown, WV",0.7699911431644209,0.09593850825583602,0.02193648383627507,0.006168153349781743,0.0030840766748908713,0.05579806414879484,0.047083570570000635
"Morristown, TN",0.8214061145760753,0.11469503594310283,0.002515167479564264,0.009788759920466326,0.0010026681168533215,0.009635810546709039,0.0409564434172289
"Mount Vernon-Anacortes, WA",0.7907043209545755,0.0991372380901345,0.008770519622028116,0.009127770930461033,0.005251594233963882,0.024221638711751783,0.06278691745708519
